TF_measure = [0.209618562903822 + 0.977783236758606i;0.275390090590642 + 0.906415518680713i;0.355985399279021 + 0.830576165597562i;0.442771333323286 + 0.754685466468234i;0.527679292945640 + 0.677833898477710i;0.622073420868516 + 0.592392512763322i;0.713399473891993 + 0.501385547847971i;0.794815384886004 + 0.403232859118395i;0.852529041823906 + 0.311981326139587i;0.912160239158745 + 0.207237721772115i;0.960754105930715 + 0.111163042801215i;1.00680744619068 + 0.0158161952339764i;1.04480964918500 - 0.0858989895310091i;1.08144065725554 - 0.180971101151867i;1.10988832868039 - 0.272614720789055i;1.13354458293878 - 0.361760222312009i;1.15175475662005 - 0.444425173004848i;1.16426551457980 - 0.523241669021069i;1.17561810283003 - 0.596425104307067i;1.17987386619076 - 0.672988171559906i;1.17867265255597 - 0.733659111105163i;1.16832045864446 - 0.791012417664841i;1.16376293046987 - 0.814875576604025i;1.14775347542820 - 0.864894279928481i;1.12850267919306 - 0.913843451028330i;1.10546631951224 - 0.944157431925791i;1.07833761844808 - 0.967537009247323i;1.04711840901053 - 0.986754471133674i;1.01330935893237 - 0.995776333712357i;0.969359748972197 - 1.00731382043927i;0.929634438005430 - 0.979630294546859i;0.889003229665350 - 0.946692285293018i;0.839477568875692 - 0.912924997827090i;0.796466632857719 - 0.887676568276479i;0.748247084124955 - 0.851711782848000i;0.696697762925870 - 0.815728273433332i;0.644269388160391 - 0.767810357938619i;0.588669864644774 - 0.726946741987705i;0.528253007996585 - 0.676133017266052i;0.476372988355980 - 0.620821365361701i;0.415641291196338 - 0.572081158603934i;0.351490827424134 - 0.515266283809623i;0.281325894079739 - 0.450215542209152i;0.225148990644044 - 0.389969491068335i;0.164833987529541 - 0.323504915589782i;0.107616288937287 - 0.253528088894080i];
TF_sim1 = [
-6.62418e-05 + 0.000268116i
-6.2209e-05 + 0.000269237i
-5.63045e-05 + 0.000268274i
-4.88038e-05 + 0.000266066i
-4.03054e-05 + 0.000262818i
-3.12838e-05 + 0.000258721i
-2.19588e-05 + 0.000253888i
-1.24677e-05 + 0.000248398i
-2.90451e-06 + 0.000242314i
6.66441e-06 + 0.000235689i
1.61893e-05 + 0.000228565i
2.56331e-05 + 0.000220981i
3.49653e-05 + 0.000212974i
4.41625e-05 + 0.000204574i
5.32046e-05 + 0.000195813i
6.20752e-05 + 0.000186717i
7.07598e-05 + 0.000177316i
7.92462e-05 + 0.000167634i
8.75237e-05 + 0.000157697i
9.55826e-05 + 0.00014753i
0.000103414 + 0.000137155i
0.000111009 + 0.000126597i
0.000118361 + 0.00011588i
0.000125465 + 0.000105026i
0.000132312 + 9.40574e-05i
0.000138899 + 8.29971e-05i
0.000145221 + 7.18681e-05i
0.000151273 + 6.06924e-05i
0.000157052 + 4.94928e-05i
0.000162557 + 3.82899e-05i
0.000167784 + 2.71048e-05i
0.000172732 + 1.59582e-05i
0.0001774 + 4.87138e-06i
0.000181788 + -6.13657e-06i
0.000185895 + -1.7046e-05i
0.00018972 + -2.78392e-05i
0.000193265 + -3.84972e-05i
0.00019653 + -4.90021e-05i
0.000199515 + -5.93374e-05i
0.000202221 + -6.94864e-05i
0.000204648 + -7.94322e-05i
0.000206798 + -8.91598e-05i
0.000208673 + -9.86536e-05i
0.000210274 + -0.000107899i
0.000211602 + -0.00011688i
0.000212659 + -0.000125584i
0.000213447 + -0.000133997i
0.00021397 + -0.000142106i
0.000214229 + -0.000149899i
0.000214227 + -0.000157363i
0.000213967 + -0.000164486i
0.000213454 + -0.000171258i
0.00021269 + -0.000177669i
0.000211679 + -0.000183709i
0.000210427 + -0.000189368i
0.000208634 + -0.000195577i
0.000206954 + -0.000200164i
0.000205098 + -0.000204325i
0.000202907 + -0.000208356i
0.000200607 + -0.000211827i
0.00019806 + -0.000214972i
0.00019529 + -0.000217737i
0.000192281 + -0.000220119i
0.000189077 + -0.000222073i
0.000185684 + -0.000223598i
0.000182108 + -0.000224692i
0.000178355 + -0.000225357i
0.000174432 + -0.000225592i
0.000170344 + -0.0002254i
0.000165289 + -0.00022462i
0.00016107 + -0.000223561i
0.000156784 + -0.000222147i
0.00015209 + -0.000220241i
0.00014747 + -0.000218034i
0.000142638 + -0.000215402i
0.000137645 + -0.000212362i
0.000132466 + -0.00020889i
0.000127179 + -0.000205036i
0.000121791 + -0.000200808i
0.000116307 + -0.000196216i
0.000110734 + -0.000191269i
0.000104678 + -0.000185591i
9.89419e-05 + -0.000179941i
9.24569e-05 + -0.000173256i
8.68526e-05 + -0.000167236i
8.12805e-05 + -0.000161038i
7.53013e-05 + -0.00015417i
6.95346e-05 + -0.000147337i
6.36148e-05 + -0.000140123i
5.76074e-05 + -0.000132604i
5.14858e-05 + -0.000124747i
4.53419e-05 + -0.000116673i
3.91813e-05 + -0.000108399i
3.30092e-05 + -9.99394e-05i
2.68308e-05 + -9.13123e-05i
2.06508e-05 + -8.25355e-05i
1.44744e-05 + -7.36295e-05i
7.16184e-06 + -6.29355e-05i
1.30862e-06 + -5.42912e-05i
-4.28247e-06 + -4.60342e-05i
];
TF_sim2 = [

-5.96885e-05 + 0.000231273i
-5.3016e-05 + 0.000231029i
-4.65737e-05 + 0.00022956i
-3.86748e-05 + 0.000226968i
-2.99629e-05 + 0.000223502i
-2.07755e-05 + 0.000219313i
-1.131e-05 + 0.000214505i
-1.69403e-06 + 0.00020915i
7.98795e-06 + 0.000203307i
1.76759e-05 + 0.000197023i
2.73226e-05 + 0.000190336i
3.68948e-05 + 0.000183283i
4.63646e-05 + 0.000175895i
5.57085e-05 + 0.000168201i
6.49088e-05 + 0.000160226i
7.39494e-05 + 0.000151998i
8.28163e-05 + 0.000143539i
9.14971e-05 + 0.000134871i
9.99813e-05 + 0.000126018i
0.000108259 + 0.000116999i
0.00011632 + 0.000107836i
0.000124157 + 9.85481e-05i
0.00013176 + 8.91557e-05i
0.000139124 + 7.96794e-05i
0.000146242 + 7.01375e-05i
0.000153108 + 6.055e-05i
0.000159715 + 5.09354e-05i
0.000166061 + 4.13126e-05i
0.000172139 + 3.16998e-05i
0.000177949 + 2.21154e-05i
0.000183485 + 1.25768e-05i
0.000188746 + 3.10059e-06i
0.000193729 + -6.29707e-06i
0.000198433 + -1.56002e-05i
0.000202855 + -2.4793e-05i
0.000206996 + -3.3861e-05i
0.000210853 + -4.27895e-05i
0.000214426 + -5.1565e-05i
0.000217714 + -6.01739e-05i
0.000220715 + -6.86032e-05i
0.00022343 + -7.68401e-05i
0.000225859 + -8.4872e-05i
0.000228 + -9.26869e-05i
0.000229854 + -0.000100275i
0.000231421 + -0.000107621i
0.000232702 + -0.000114719i
0.000233698 + -0.000121555i
0.00023441 + -0.00012812i
0.000234839 + -0.000134403i
0.000234986 + -0.000140397i
0.000234855 + -0.000146091i
0.000234448 + -0.000151479i
0.000233767 + -0.000156552i
0.000232815 + -0.000161302i
0.000231595 + -0.000165724i
0.000230113 + -0.000169811i
0.00022837 + -0.000173557i
0.000226372 + -0.000176961i
0.000224122 + -0.000180014i
0.000221626 + -0.000182715i
0.000218888 + -0.000185062i
0.000215913 + -0.000187051i
0.000212708 + -0.000188681i
0.000209275 + -0.000189952i
0.000205623 + -0.000190862i
0.000201755 + -0.000191413i
0.000197678 + -0.000191605i
0.000193398 + -0.000191439i
0.00018892 + -0.000190919i
0.000184252 + -0.000190046i
0.000179399 + -0.000188824i
0.000174368 + -0.000187257i
0.000169164 + -0.000185349i
0.000163795 + -0.000183105i
0.000158268 + -0.000180531i
0.000152589 + -0.000177633i
0.000146765 + -0.000174417i
0.000140803 + -0.00017089i
0.000134711 + -0.000167059i
0.000128494 + -0.000162934i
0.000122161 + -0.000158521i
0.000115501 + -0.00015367i
0.000108953 + -0.000148701i
0.000102534 + -0.000143653i
9.58069e-05 + -0.000138186i
8.90002e-05 + -0.000132482i
8.21205e-05 + -0.000126549i
7.51752e-05 + -0.000120401i
6.81722e-05 + -0.000114049i
6.1118e-05 + -0.000107505i
5.40205e-05 + -0.000100782i
4.68869e-05 + -9.38928e-05i
3.97241e-05 + -8.68525e-05i
3.25395e-05 + -7.9676e-05i
2.53423e-05 + -7.23817e-05i
1.8143e-05 + -6.49952e-05i
1.09665e-05 + -5.75603e-05i
3.97751e-06 + -5.0303e-05i

];

